Single-Difference Ambiguity Constraint  msea                COMMENT
    SD                                                      TYPE OF CONSTRAINT
    15    15    15                                          G   AMB FIXING (T/W/N)
     6     5     5                                          E   AMB FIXING (T/W/N)
     9     9     9                                          C3  AMB FIXING (T/W/N)
    30    29    29    LAMBDA                                IND AMB FIXING (T/W/N)
                                                            END OF HEADER
 C21 C26 2024 11 23 18  9  0.000000 2024 11 23 18 39 30.000000           -52          -79
 G16 G31 2024 11 23 18  9  0.000000 2024 11 23 19  6  0.000000           -32          108
 C24 C26 2024 11 23 18  9  0.000000 2024 11 23 19 35  0.000000            68           91
 G03 G26 2024 11 23 18  9  0.000000 2024 11 23 19 42 30.000000            19          -86
 G16 G26 2024 11 23 18  9  0.000000 2024 11 23 19 42 30.000000            -2            1
 C42 C41 2024 11 23 19 11 30.000000 2024 11 23 20 40  0.000000           -16         -105
 C33 C42 2024 11 23 18  9  0.000000 2024 11 23 20 40  0.000000           -23           83
 G03 G09 2024 11 23 18  9  0.000000 2024 11 23 20 43  0.000000            45          -93
 G16 G08 2024 11 23 19 10 30.000000 2024 11 23 20 53  0.000000            32         -161
 E07 E30 2024 11 23 18  9  0.000000 2024 11 23 20 55 30.000000           -63          -84
 E07 E29 2024 11 23 18 24  0.000000 2024 11 23 21 59  0.000000            -4          -32
 G08 G27 2024 11 23 19 13  0.000000 2024 11 23 22  2 30.000000            -9           30
 C24 C33 2024 11 23 18  9  0.000000 2024 11 23 22  7  0.000000           156          -19
 G04 G14 2024 11 23 20 21  0.000000 2024 11 23 22 31 30.000000            58         -285
 G04 G13 2024 11 23 22  8  0.000000 2024 11 23 22 31 30.000000            61         -194
 C33 C32 2024 11 23 22 15 30.000000 2024 11 23 22 49  0.000000          -137          -33
 G08 G19 2024 11 23 23  0  0.000000 2024 11 23 23 23 30.000000           -37          -62
 G08 G02 2024 11 23 22 48 30.000000 2024 11 23 23 23 30.000000           -11           72
 G09 G14 2024 11 23 20 21  0.000000 2024 11 23 23 32 30.000000             9         -188
 E27 E21 2024 11 23 20 19  0.000000 2024 11 23 23 43 30.000000           -63          -87
 E29 E27 2024 11 23 18 45 30.000000 2024 11 23 23 43 30.000000          -145         -143
 C41 C23 2024 11 23 20 55  0.000000 2024 11 23 23 48  0.000000          -153           13
 G07 G17 2024 11 23 22  1 30.000000 2024 11 23 23 48  0.000000            17         -127
 G30 G13 2024 11 23 22  8  0.000000 2024 11 23 23 48  0.000000             4           22
 E29 E19 2024 11 23 22 32  0.000000 2024 11 23 23 48  0.000000          -166         -137
 C25 C23 2024 11 23 20 55  0.000000 2024 11 23 23 48  0.000000            -6           99
 G30 G22 2024 11 23 21 15  0.000000 2024 11 23 23 48  0.000000            21          -31
 C25 C43 2024 11 23 23 25  0.000000 2024 11 23 23 48  0.000000          -104          -21
 G22 G17 2024 11 23 22  1 30.000000 2024 11 23 23 48  0.000000            -6          -37
