Single-Difference Ambiguity Constraint  mizu                COMMENT
    SD                                                      TYPE OF CONSTRAINT
     7     7     7                                          G   AMB FIXING (T/W/N)
     4     4     4                                          E   AMB FIXING (T/W/N)
     1     1     1                                          C2  AMB FIXING (T/W/N)
     3     3     2                                          C3  AMB FIXING (T/W/N)
    15    15    14    LAMBDA                                IND AMB FIXING (T/W/N)
                                                            END OF HEADER
 E07 E33 2022  3 16 14 30  0.000000 2022  3 16 14 44 59.000000           -80          263
 G29 G30 2022  3 16 14 30  0.000000 2022  3 16 14 44 59.000000           -59          -56
 C08 C13 2022  3 16 14 30  0.000000 2022  3 16 14 44 59.000000            24          -17
 E12 E26 2022  3 16 14 30  0.000000 2022  3 16 14 44 59.000000            61         -146
 G06 G09 2022  3 16 14 30  0.000000 2022  3 16 14 44 59.000000           -47         -176
 C33 C41 2022  3 16 14 30  0.000000 2022  3 16 14 44 59.000000           -35          120
 E07 E12 2022  3 16 14 30  0.000000 2022  3 16 14 44 59.000000          -107          280
 C27 C41 2022  3 16 14 30  0.000000 2022  3 16 14 44 59.000000            19          -29
 G02 G06 2022  3 16 14 30  0.000000 2022  3 16 14 44 59.000000            36          -51
 G02 G30 2022  3 16 14 30  0.000000 2022  3 16 14 44 59.000000           -52          -42
 G05 G13 2022  3 16 14 30  0.000000 2022  3 16 14 44 59.000000             4          -21
 G05 G20 2022  3 16 14 30  0.000000 2022  3 16 14 44 59.000000           -12          -10
 G20 G29 2022  3 16 14 30  0.000000 2022  3 16 14 44 59.000000             1           14
 E19 E33 2022  3 16 14 30  0.000000 2022  3 16 14 44 59.000000             9          -22
