Single-Difference Ambiguity Constraint  car1                COMMENT
    SD                                                      TYPE OF CONSTRAINT
    15    13    13                                          G   AMB FIXING (T/W/N)
     5     5     5                                          E   AMB FIXING (T/W/N)
    20    18    18    LAMBDA                                IND AMB FIXING (T/W/N)
                                                            END OF HEADER
 G03 G07 2024 11 23 18  3  0.000000 2024 11 23 20 43  0.000000            18          -71
 G03 G16 2024 11 23 18  3  0.000000 2024 11 23 20 43  0.000000            -1          -13
 E30 E29 2024 11 23 19  3 30.000000 2024 11 23 21  4  0.000000           -18          -12
 G30 G27 2024 11 23 20 14 30.000000 2024 11 23 21 21  0.000000           -15           92
 E07 E21 2024 11 23 20 36 30.000000 2024 11 23 22  1  0.000000          -110         -139
 E07 E29 2024 11 23 19  3 30.000000 2024 11 23 22  1  0.000000           -11          -25
 G09 G27 2024 11 23 21 25  0.000000 2024 11 23 22  6  0.000000            -1          -45
 G04 G27 2024 11 23 21 25  0.000000 2024 11 23 22  6  0.000000            10          -95
 E27 E21 2024 11 23 20 36 30.000000 2024 11 23 23 22  0.000000           -76          -85
 G08 G17 2024 11 23 22  1 30.000000 2024 11 23 23 29  0.000000             3          -22
 G07 G08 2024 11 23 19 10  0.000000 2024 11 23 23 29  0.000000            32         -152
 G07 G09 2024 11 23 18  3  0.000000 2024 11 23 23 32 30.000000            -8           21
 E29 E19 2024 11 23 22 50 30.000000 2024 11 23 23 59 30.000000           -97          -72
 G30 G22 2024 11 23 21 48  0.000000 2024 11 23 23 59 30.000000             0           72
 G14 G17 2024 11 23 22  1 30.000000 2024 11 23 23 59 30.000000            -6          -41
 G14 G22 2024 11 23 21 48  0.000000 2024 11 23 23 59 30.000000           -31           99
 G30 G13 2024 11 23 22  8  0.000000 2024 11 23 23 59 30.000000             4           43
 G13 G19 2024 11 23 23  3  0.000000 2024 11 23 23 59 30.000000             1          -50
