Single-Difference Ambiguity Constraint  zlab                COMMENT
    SD                                                      TYPE OF CONSTRAINT
   236   230   210                                          G   AMB FIXING (T/W/N)
    42    42    41    ROUNDING                              IND AMB FIXING (T/W/N)
                                                            END OF HEADER
 G07 G22 2024 11 23  0  0  0.000000 2024 11 23  0 54 30.000000       1693375     -1462149
 G14 G15 2024 11 23  0 11  0.000000 2024 11 23  1 27  0.000000      -3549191     -7848583
 G17 G15 2024 11 23  0 11  0.000000 2024 11 23  1 27  0.000000      -2316872     -7039615
 G14 G30 2024 11 23  0  0  0.000000 2024 11 23  2 26 30.000000      -9177465     -7680427
 G13 G22 2024 11 23  0  0  0.000000 2024 11 23  2 56 30.000000       1226355      6921627
 G13 G19 2024 11 23  0  0  0.000000 2024 11 23  2 56 30.000000       2530421     12722016
 G17 G22 2024 11 23  0  0  0.000000 2024 11 23  3 19  0.000000       -615547     -2446806
 G19 G06 2024 11 23  0 49 30.000000 2024 11 23  4 45  0.000000      -3374669     -4720249
 G06 G20 2024 11 23  3 46  0.000000 2024 11 23  5 29  0.000000       1440265      1424664
 G24 G20 2024 11 23  3 46  0.000000 2024 11 23  5 35  0.000000       1602454      8095114
 G24 G11 2024 11 23  1 51  0.000000 2024 11 23  5 35  0.000000       3995368     11473200
 G11 G12 2024 11 23  2 22 30.000000 2024 11 23  7 16  0.000000      -3646256     -6619874
 G12 G25 2024 11 23  4 36 30.000000 2024 11 23  8 23  0.000000       -485948     -6795666
 G12 G15 2024 11 23  7 16  0.000000 2024 11 23  8 23  0.000000       2011837      2561092
 G05 G25 2024 11 23  4 36 30.000000 2024 11 23  9 10 30.000000      -2489096    -12785009
 G05 G29 2024 11 23  5 11  0.000000 2024 11 23  9 10 30.000000      -2875750     -6943635
 G26 G10 2024 11 23  9  0 30.000000 2024 11 23  9 28  0.000000      -1090188      6361114
 G23 G16 2024 11 23  9 40 30.000000 2024 11 23 10 29 30.000000      -3479831     -9583501
 G10 G16 2024 11 23  9 40 30.000000 2024 11 23 10 29 30.000000       3386036     -5595461
 G29 G18 2024 11 23  6  6 30.000000 2024 11 23 11 19  0.000000       2913566      5170907
 G18 G23 2024 11 23  7 28  0.000000 2024 11 23 13  2 30.000000       4047056      3594653
 G27 G08 2024 11 23 11 48 30.000000 2024 11 23 14 30  0.000000        148818       652541
 G32 G27 2024 11 23 10 26  0.000000 2024 11 23 14 30  0.000000      -1449669     -9222409
 G10 G32 2024 11 23 10 21 30.000000 2024 11 23 14 48  0.000000       1840408       625799
 G08 G21 2024 11 23 13  4  0.000000 2024 11 23 14 48 30.000000       1538718      1346778
 G28 G21 2024 11 23 13  4  0.000000 2024 11 23 16 56  0.000000       -165970     -5570243
 G28 G26 2024 11 23 15 30  0.000000 2024 11 23 16 56  0.000000        380704       164996
 G02 G03 2024 11 23 15 25  0.000000 2024 11 23 16 58  0.000000      -2271595     -2398538
 G31 G02 2024 11 23 13 52  0.000000 2024 11 23 16 58  0.000000        264624     -5716921
 G31 G16 2024 11 23 17 22 30.000000 2024 11 23 18 34 30.000000     -10846722    -13054624
 G31 G26 2024 11 23 15 30  0.000000 2024 11 23 18 34 30.000000      -1239439     -4158070
 G03 G04 2024 11 23 16 14  0.000000 2024 11 23 20 39  0.000000      -2504812     -4477201
 G20 G22 2024 11 23 21 30  0.000000 2024 11 23 21 43  0.000000        -35835       866021
 G04 G08 2024 11 23 19 44  0.000000 2024 11 23 22 15 30.000000       -157567      1599657
 G07 G08 2024 11 23 19 44  0.000000 2024 11 23 22 43 30.000000      -2527395     -7295386
 G09 G14 2024 11 23 20 37 30.000000 2024 11 23 23 25 30.000000       2231943       890568
 G09 G07 2024 11 23 17 40  0.000000 2024 11 23 23 25 30.000000       -342985       751096
 G30 G14 2024 11 23 20 37 30.000000 2024 11 23 23 59 30.000000       8999872      6340999
 G30 G17 2024 11 23 22  8  0.000000 2024 11 23 23 59 30.000000       7949307      5967752
 G22 G17 2024 11 23 22  8  0.000000 2024 11 23 23 59 30.000000        453699      2658112
 G07 G13 2024 11 23 22 47 30.000000 2024 11 23 23 59 30.000000        609939     -8399619
