Single-Difference Ambiguity Constraint  n551                COMMENT
    SD                                                      TYPE OF CONSTRAINT
   386   373   355                                          G   AMB FIXING (T/W/N)
    53    52    52    ROUNDING                              IND AMB FIXING (T/W/N)
                                                            END OF HEADER
 G07 G30 2024 11 23  0  0  0.000000 2024 11 23  1 18 30.000000            70          -39
 G07 G14 2024 11 23  0  0  0.000000 2024 11 23  1 18 30.000000            56          -69
 G02 G30 2024 11 23  0  0  0.000000 2024 11 23  1 46 30.000000            16            7
 G17 G30 2024 11 23  1 47  0.000000 2024 11 23  2 30 30.000000            -9           57
 G22 G30 2024 11 23  1 47  0.000000 2024 11 23  2 30 30.000000           -35           -1
 G13 G15 2024 11 23  0  0  0.000000 2024 11 23  2 33 30.000000           -35           13
 G15 G06 2024 11 23  0 43  0.000000 2024 11 23  2 33 30.000000            44          -34
 G13 G24 2024 11 23  1  7  0.000000 2024 11 23  3  7  0.000000             4           61
 G14 G17 2024 11 23  0  0  0.000000 2024 11 23  3 55  0.000000            23          -27
 G24 G20 2024 11 23  3 21 30.000000 2024 11 23  4 31  0.000000           -47           80
 G24 G11 2024 11 23  2 28  0.000000 2024 11 23  4 31  0.000000             1          -68
 G19 G22 2024 11 23  0  0  0.000000 2024 11 23  4 59 30.000000            82           49
 G19 G06 2024 11 23  0 43  0.000000 2024 11 23  5 49  0.000000            44            5
 G12 G24 2024 11 23  4 31 30.000000 2024 11 23  6  0  0.000000            33          -25
 G24 G05 2024 11 23  5 13 30.000000 2024 11 23  6  0  0.000000           -51          114
 G11 G13 2024 11 23  7 30  0.000000 2024 11 23  8  2 30.000000           -25          251
 G12 G11 2024 11 23  2 28  0.000000 2024 11 23  8  2 30.000000            34          -93
 G25 G29 2024 11 23  4 37 30.000000 2024 11 23  9 20  0.000000            19           36
 G25 G15 2024 11 23  7 46 30.000000 2024 11 23  9 20  0.000000           -16           38
 G23 G26 2024 11 23  7 45 30.000000 2024 11 23  9 30 30.000000            69           47
 G05 G16 2024 11 23  9  2  0.000000 2024 11 23  9 32  0.000000            -3           60
 G29 G05 2024 11 23  5 13 30.000000 2024 11 23  9 32  0.000000            -5          -24
 G15 G26 2024 11 23  9 31  0.000000 2024 11 23 10  5 30.000000            28            7
 G26 G27 2024 11 23  9 54 30.000000 2024 11 23 10  5 30.000000            -4            7
 G13 G26 2024 11 23 10  6  0.000000 2024 11 23 10 27 30.000000           -29          -36
 G18 G08 2024 11 23 11 30 30.000000 2024 11 23 13 11  0.000000            51           43
 G18 G27 2024 11 23  9 54 30.000000 2024 11 23 13 11  0.000000            32           39
 G27 G28 2024 11 23 12 48 30.000000 2024 11 23 13 13 30.000000           -10           14
 G24 G21 2024 11 23 12 23  0.000000 2024 11 23 13 26  0.000000           -34           27
 G23 G08 2024 11 23 11 30 30.000000 2024 11 23 14 32  0.000000            84           58
 G23 G28 2024 11 23 13 14  0.000000 2024 11 23 14 32  0.000000            56           68
 G10 G32 2024 11 23 10 49  0.000000 2024 11 23 16 27  0.000000           -26           35
 G10 G02 2024 11 23 13 30 30.000000 2024 11 23 16 27  0.000000           -16           73
 G32 G28 2024 11 23 13 14  0.000000 2024 11 23 17  2 30.000000             2           18
 G21 G02 2024 11 23 13 30 30.000000 2024 11 23 17 48 30.000000            16           24
 G21 G16 2024 11 23 16 27 30.000000 2024 11 23 17 48 30.000000            21         -197
 G31 G26 2024 11 23 15 20 30.000000 2024 11 23 19 17 30.000000            21         -161
 G31 G03 2024 11 23 14 40 30.000000 2024 11 23 19 17 30.000000             6          -23
 G26 G27 2024 11 23 18 51 30.000000 2024 11 23 19 26  0.000000            47          -93
 G03 G16 2024 11 23 16 27 30.000000 2024 11 23 20 43  0.000000            -7         -179
 G27 G14 2024 11 23 20 21  0.000000 2024 11 23 21 54  0.000000             3          -21
 G27 G22 2024 11 23 21 15  0.000000 2024 11 23 21 54  0.000000            11           11
 G04 G22 2024 11 23 21 15  0.000000 2024 11 23 22  9 30.000000            47         -235
 G04 G30 2024 11 23 19 13  0.000000 2024 11 23 22  9 30.000000            36         -207
 G02 G17 2024 11 23 22 34  0.000000 2024 11 23 23 12 30.000000            33         -102
 G07 G17 2024 11 23 22 34  0.000000 2024 11 23 23 12 30.000000            75         -131
 G09 G08 2024 11 23 19 43  0.000000 2024 11 23 23 32 30.000000            28         -193
 G09 G30 2024 11 23 19 13  0.000000 2024 11 23 23 32 30.000000            41          -85
 G07 G08 2024 11 23 19 43  0.000000 2024 11 23 23 35  0.000000            56         -148
 G14 G19 2024 11 23 23  0  0.000000 2024 11 23 23 59 30.000000            -1           -9
 G13 G19 2024 11 23 23  0  0.000000 2024 11 23 23 59 30.000000            30          -83
 G02 G17 2024 11 23 23 13  0.000000 2024 11 23 23 59 30.000000            33         -102
