Single-Difference Ambiguity Constraint  zim3                COMMENT
    SD                                                      TYPE OF CONSTRAINT
   600   582   582                                          G   AMB FIXING (T/W/N)
   261   261   261                                          E   AMB FIXING (T/W/N)
   137   137   137    ROUNDING                              IND AMB FIXING (T/W/N)
                                                            END OF HEADER
 G17 G19 2022  3 16  0  0  0.000000 2022  3 16  1  3 30.000000            45           85
 G01 G17 2022  3 16  0  0  0.000000 2022  3 16  1  3 30.000000          -112          -39
 G01 G09 2022  3 16  0  0  0.000000 2022  3 16  1  4  0.000000           -38           25
 G19 G02 2022  3 16  0 45  0.000000 2022  3 16  1 16  0.000000             6           39
 E07 E26 2022  3 16  0  0  0.000000 2022  3 16  2 20  0.000000            -9            9
 E26 E30 2022  3 16  1  2 30.000000 2022  3 16  2 20  0.000000            -9           39
 G03 G06 2022  3 16  0  0  0.000000 2022  3 16  2 35  0.000000           148          166
 G04 G06 2022  3 16  0  0  0.000000 2022  3 16  3 32 30.000000           121           98
 E07 E04 2022  3 16  3  9  0.000000 2022  3 16  3 35  0.000000           -22           47
 E07 E11 2022  3 16  3  8 30.000000 2022  3 16  3 35  0.000000           -24           90
 E33 E19 2022  3 16  0 46  0.000000 2022  3 16  3 49  0.000000             5           -8
 E33 E21 2022  3 16  2 56 30.000000 2022  3 16  3 49  0.000000             4           -7
 G06 G05 2022  3 16  2 46 30.000000 2022  3 16  4  0  0.000000           -57          -15
 E12 E19 2022  3 16  0 46  0.000000 2022  3 16  4 40 30.000000            11          -30
 G09 G13 2022  3 16  3 39  0.000000 2022  3 16  5  8  0.000000          -145         -100
 G07 G20 2022  3 16  1 51 30.000000 2022  3 16  6 24 30.000000           -68          -45
 G07 G14 2022  3 16  3 59  0.000000 2022  3 16  6 24 30.000000           -25           -8
 E27 E01 2022  3 16  4 24 30.000000 2022  3 16  6 32 30.000000           -16           -5
 E27 E21 2022  3 16  2 56 30.000000 2022  3 16  6 32 30.000000            -7           -9
 G20 G13 2022  3 16  3 39  0.000000 2022  3 16  6 47  0.000000            33           19
 G05 G24 2022  3 16  6 29  0.000000 2022  3 16  7 48  0.000000           -14          -56
 G05 G14 2022  3 16  3 59  0.000000 2022  3 16  7 48  0.000000           -57          -56
 G15 G23 2022  3 16  6 20 30.000000 2022  3 16  9 32  0.000000           -69          -35
 G23 G24 2022  3 16  6 29  0.000000 2022  3 16  9 32  0.000000            89           21
 G10 G06 2022  3 16  9 46  0.000000 2022  3 16 10  9 30.000000            24          -79
 G10 G12 2022  3 16  7 53 30.000000 2022  3 16 10  9 30.000000             4           13
 G15 G17 2022  3 16  6 36  0.000000 2022  3 16 10 17  0.000000             3          -58
 G17 G19 2022  3 16  7  7  0.000000 2022  3 16 10 26  0.000000           -14          -29
 E04 E31 2022  3 16  6 32 30.000000 2022  3 16 10 37  0.000000           -26          -38
 E04 E01 2022  3 16  4 24 30.000000 2022  3 16 10 37  0.000000            -4           -4
 G19 G02 2022  3 16 10 12 30.000000 2022  3 16 11 19 30.000000            26          -40
 G12 G02 2022  3 16 10 12 30.000000 2022  3 16 11 45 30.000000             4          -85
 G32 G06 2022  3 16  9 46  0.000000 2022  3 16 12 10  0.000000           -35         -146
 E31 E26 2022  3 16  9 11 30.000000 2022  3 16 12 25 30.000000            61          -54
 E26 E33 2022  3 16  9 51 30.000000 2022  3 16 12 25 30.000000            -4           -6
 G32 G22 2022  3 16 10 23 30.000000 2022  3 16 12 50 30.000000           -93          -99
 E05 E25 2022  3 16 11 44  0.000000 2022  3 16 13  2 30.000000            12          -50
 G25 G22 2022  3 16 10 23 30.000000 2022  3 16 13 34  0.000000           -10           39
 E03 E11 2022  3 16 12 53 30.000000 2022  3 16 14  0  0.000000             1          -18
 G12 G02 2022  3 16 11 46  0.000000 2022  3 16 14  4 30.000000             4          -85
 E33 E12 2022  3 16 11 15 30.000000 2022  3 16 14 44 30.000000             6          -24
 G25 G29 2022  3 16 10 45  0.000000 2022  3 16 15 27  0.000000            56          -14
 G31 G23 2022  3 16 15 14 30.000000 2022  3 16 16 11 30.000000           -48         -113
 G31 G27 2022  3 16 15 11  0.000000 2022  3 16 16 11 30.000000          -182         -254
 G18 G05 2022  3 16 13 36 30.000000 2022  3 16 16 13  0.000000           -48           45
 G29 G27 2022  3 16 15 11  0.000000 2022  3 16 16 47 30.000000          -170         -135
 E24 E02 2022  3 16 14 20 30.000000 2022  3 16 16 50 30.000000             8           -9
 E12 E36 2022  3 16 14 42  0.000000 2022  3 16 16 55  0.000000             0           12
 E12 E02 2022  3 16 14 20 30.000000 2022  3 16 16 55  0.000000           -15           63
 G26 G16 2022  3 16 14 14  0.000000 2022  3 16 18 22 30.000000          -361         -289
 G26 G10 2022  3 16 16  2 30.000000 2022  3 16 18 22 30.000000          -126         -186
 G18 G08 2022  3 16 16 28 30.000000 2022  3 16 18 23  0.000000          -110          -24
 E25 E11 2022  3 16 12 53 30.000000 2022  3 16 18 51  0.000000             2            6
 G16 G23 2022  3 16 15 14 30.000000 2022  3 16 19 16 30.000000           215          136
 E11 E04 2022  3 16 17  8 30.000000 2022  3 16 20 14  0.000000            -7           49
 E11 E15 2022  3 16 19 49 30.000000 2022  3 16 20 14  0.000000            -7           23
 E30 E04 2022  3 16 17  8 30.000000 2022  3 16 20 42  0.000000            10           30
 G10 G08 2022  3 16 16 28 30.000000 2022  3 16 21  5 30.000000          -102          -26
 G32 G14 2022  3 16 19 33 30.000000 2022  3 16 22 15 30.000000            24           22
 G14 G17 2022  3 16 20 52 30.000000 2022  3 16 22 15 30.000000            80          104
 G08 G17 2022  3 16 20 52 30.000000 2022  3 16 22 20 30.000000           182          272
 G32 G22 2022  3 16 19 17  0.000000 2022  3 16 22 54 30.000000            17           29
 E36 E13 2022  3 16 22 38 30.000000 2022  3 16 22 58  0.000000           -35          112
 E36 E03 2022  3 16 21  1  0.000000 2022  3 16 22 58  0.000000          -129            9
 G22 G09 2022  3 16 22 49  0.000000 2022  3 16 23 36  0.000000           -42          -47
 G21 G01 2022  3 16 19  2 30.000000 2022  3 16 23 58 30.000000            87           74
 G17 G31 2022  3 16 21 54  0.000000 2022  3 17  0 38 30.000000           -30           -6
 G17 G02 2022  3 17  0 42 30.000000 2022  3 17  0 57  0.000000            99          158
 G01 G04 2022  3 16 21 50  0.000000 2022  3 17  1  0 30.000000           -72          -18
 G19 G09 2022  3 16 22 49  0.000000 2022  3 17  1 25 30.000000            13          -29
 G19 G04 2022  3 16 21 50  0.000000 2022  3 17  1 25 30.000000           -50          -81
 E05 E03 2022  3 16 21  1  0.000000 2022  3 17  1 31  0.000000          -107          -59
 G03 G06 2022  3 16 22 54  0.000000 2022  3 17  2 34 30.000000           -39          -11
 E15 E26 2022  3 17  1 11  0.000000 2022  3 17  2 49 30.000000           -27           72
 E15 E02 2022  3 17  2  3 30.000000 2022  3 17  2 49 30.000000           -16           46
 G04 G20 2022  3 17  1 48 30.000000 2022  3 17  3 34 30.000000            89          131
 G06 G07 2022  3 17  0 52 30.000000 2022  3 17  3 50 30.000000           -22           -6
 E13 E08 2022  3 16 23  9 30.000000 2022  3 17  4  8  0.000000           -29          -42
 E13 E07 2022  3 17  1 26 30.000000 2022  3 17  4  8  0.000000             1          -25
 E25 E07 2022  3 17  1 26 30.000000 2022  3 17  5  1 30.000000             0          -15
 E25 E30 2022  3 17  3 22  0.000000 2022  3 17  5  1 30.000000            -1           -3
 G07 G14 2022  3 17  3 54  0.000000 2022  3 17  6 32  0.000000            -5            5
 G20 G23 2022  3 17  6 15  0.000000 2022  3 17  6 48  0.000000            33           41
 G20 G13 2022  3 17  3 42 30.000000 2022  3 17  6 48  0.000000           161          135
 E08 E27 2022  3 17  5 10 30.000000 2022  3 17  7 20 30.000000            28           27
 E02 E30 2022  3 17  3 22  0.000000 2022  3 17  7 21 30.000000            -1           -5
 G05 G17 2022  3 17  6 37  0.000000 2022  3 17  7 36 30.000000           -11          -75
 G05 G23 2022  3 17  6 15  0.000000 2022  3 17  7 36 30.000000            26           39
 G14 G17 2022  3 17  6 37  0.000000 2022  3 17  8 51 30.000000            12          -38
 G14 G10 2022  3 17  7 40 30.000000 2022  3 17  8 51 30.000000           -50         -113
 G23 G24 2022  3 17  6 42  0.000000 2022  3 17  9 29  0.000000           -18          -79
 G13 G32 2022  3 17  9 19  0.000000 2022  3 17  9 38 30.000000          -159         -209
 G10 G25 2022  3 17  9 25 30.000000 2022  3 17 10 10 30.000000            35            4
 G15 G12 2022  3 17  7 45  0.000000 2022  3 17 10 13  0.000000            67            6
 G15 G25 2022  3 17  9 25 30.000000 2022  3 17 10 13  0.000000            -8         -123
 G19 G02 2022  3 17 10 10  0.000000 2022  3 17 11 15 30.000000            23          -40
 E19 E04 2022  3 17  9 28 30.000000 2022  3 17 12  9 30.000000             3          -29
 E27 E19 2022  3 17  7 40  0.000000 2022  3 17 12  9 30.000000             7           14
 G06 G02 2022  3 17 10 10  0.000000 2022  3 17 12 11 30.000000           -10           34
 G24 G29 2022  3 17 10 41 30.000000 2022  3 17 12 28  0.000000            10          -71
 G32 G22 2022  3 17 10 11  0.000000 2022  3 17 12 59  0.000000            -7           -8
 E15 E26 2022  3 17 11 43 30.000000 2022  3 17 13 13  0.000000             3          -25
 E15 E04 2022  3 17  9 28 30.000000 2022  3 17 13 13  0.000000           -31           85
 G02 G18 2022  3 17 12 55  0.000000 2022  3 17 14  0  0.000000            37          -21
 G12 G18 2022  3 17 12 55  0.000000 2022  3 17 14  0 30.000000           -18         -157
 G25 G31 2022  3 17 11  8 30.000000 2022  3 17 15 33  0.000000            37           73
 E13 E24 2022  3 17 15 20 30.000000 2022  3 17 15 41  0.000000            -8           68
 E13 E31 2022  3 17 12 41 30.000000 2022  3 17 15 41  0.000000            -1           41
 E21 E26 2022  3 17 11 43 30.000000 2022  3 17 15 42  0.000000            33         -104
 G05 G16 2022  3 17 14 25  0.000000 2022  3 17 16  7  0.000000          -130          -77
 G26 G05 2022  3 17 13 32 30.000000 2022  3 17 16  7  0.000000           -14           -1
 E01 E12 2022  3 17 15 53 30.000000 2022  3 17 17 35 30.000000           -11           12
 E01 E33 2022  3 17 13 24  0.000000 2022  3 17 17 35 30.000000             3          -82
 G18 G23 2022  3 17 15 10  0.000000 2022  3 17 18 17 30.000000           -19           32
 G18 G27 2022  3 17 14 59  0.000000 2022  3 17 18 17 30.000000           -13           29
 G26 G10 2022  3 17 15 58 30.000000 2022  3 17 18 18  0.000000           -25         -102
 E26 E12 2022  3 17 15 53 30.000000 2022  3 17 18 31  0.000000           -29           85
 G16 G08 2022  3 17 16 24 30.000000 2022  3 17 19 13  0.000000           103           47
 E31 E25 2022  3 17 17 48 30.000000 2022  3 17 19 20 30.000000            -8           31
 G23 G10 2022  3 17 15 58 30.000000 2022  3 17 19 41  0.000000            47          -31
 E24 E19 2022  3 17 18 29 30.000000 2022  3 17 20 20  0.000000           -33           20
 E25 E04 2022  3 17 19 39  0.000000 2022  3 17 21 41 30.000000            -1            7
 E25 E11 2022  3 17 18 47  0.000000 2022  3 17 21 41 30.000000           -18           47
 G01 G14 2022  3 17 19 30  0.000000 2022  3 17 22  4  0.000000           -91          -28
 G21 G14 2022  3 17 19 30  0.000000 2022  3 17 22  4  0.000000           111          159
 G08 G01 2022  3 17 18 52  0.000000 2022  3 17 22 17  0.000000            55           91
 G32 G17 2022  3 17 20 53  0.000000 2022  3 17 22 50 30.000000            22           64
 G32 G19 2022  3 17 21 42  0.000000 2022  3 17 22 50 30.000000           -37           29
 E12 E19 2022  3 17 18 29 30.000000 2022  3 17 23 21 30.000000           -30           22
 G22 G17 2022  3 17 20 53  0.000000 2022  3 17 23 27  0.000000            23           61
 G21 G22 2022  3 17 19 36  0.000000 2022  3 17 23 27  0.000000           126          156
 G03 G04 2022  3 17 21 47  0.000000 2022  3 17 23 59 30.000000            94          112
 G04 G31 2022  3 17 21 55 30.000000 2022  3 17 23 59 30.000000           -54          -35
 G03 G09 2022  3 17 22 50 30.000000 2022  3 17 23 59 30.000000           -28          -27
 G04 G06 2022  3 17 22 57 30.000000 2022  3 17 23 59 30.000000           -65          -64
 G19 G31 2022  3 17 21 55 30.000000 2022  3 17 23 59 30.000000            27            7
 E11 E36 2022  3 17 21  6 30.000000 2022  3 17 23 59 30.000000            22           -7
