Single-Difference Ambiguity Constraint  zim3                COMMENT
    SD                                                      TYPE OF CONSTRAINT
   330   316   286                                          G   AMB FIXING (T/W/N)
    48    48    48    ROUNDING                              IND AMB FIXING (T/W/N)
                                                            END OF HEADER
 G17 G02 2022  3 16  0 43 30.000000 2022  3 16  1  3 30.000000            51          124
 G06 G17 2022  3 16  0  0  0.000000 2022  3 16  1  3 30.000000           -53          -53
 G17 G19 2022  3 16  0  0  0.000000 2022  3 16  1  3 30.000000            45           85
 G01 G03 2022  3 16  0  0  0.000000 2022  3 16  1  4  0.000000          -207         -152
 G03 G04 2022  3 16  0  0  0.000000 2022  3 16  2 35  0.000000            27           68
 G04 G09 2022  3 16  0  0  0.000000 2022  3 16  3 32 30.000000           142          109
 G02 G14 2022  3 16  3 59  0.000000 2022  3 16  4 32  0.000000          -112         -142
 G02 G20 2022  3 16  1 51 30.000000 2022  3 16  4 32  0.000000          -155         -179
 G09 G07 2022  3 16  0 58  0.000000 2022  3 16  5  8  0.000000          -110          -74
 G07 G13 2022  3 16  3 39  0.000000 2022  3 16  6 24 30.000000           -35          -26
 G20 G05 2022  3 16  2 46 30.000000 2022  3 16  6 47  0.000000           100           93
 G30 G05 2022  3 16  2 46 30.000000 2022  3 16  7 39 30.000000            44           92
 G30 G15 2022  3 16  4 50 30.000000 2022  3 16  7 39 30.000000            10           50
 G14 G19 2022  3 16  7  7  0.000000 2022  3 16  8 54 30.000000            12          -73
 G14 G10 2022  3 16  7 44  0.000000 2022  3 16  8 54 30.000000            30          -41
 G13 G23 2022  3 16  6 20 30.000000 2022  3 16  9 32  0.000000           -36           -3
 G15 G23 2022  3 16  6 20 30.000000 2022  3 16  9 32  0.000000           -69          -35
 G13 G24 2022  3 16  6 29  0.000000 2022  3 16  9 43  0.000000            53           18
 G15 G12 2022  3 16  7 53 30.000000 2022  3 16 10 17  0.000000            11          -42
 G17 G19 2022  3 16  7  7  0.000000 2022  3 16 10 33 30.000000           -14          -29
 G17 G25 2022  3 16  9 29 30.000000 2022  3 16 10 33 30.000000           -20          -68
 G19 G06 2022  3 16  9 46  0.000000 2022  3 16 11 19 30.000000            42          -47
 G24 G02 2022  3 16 10 12 30.000000 2022  3 16 11 45 30.000000            -5         -113
 G32 G22 2022  3 16 10 23 30.000000 2022  3 16 12 50 30.000000           -93          -99
 G22 G18 2022  3 16 13  0  0.000000 2022  3 16 13 34  0.000000            58          -82
 G12 G02 2022  3 16 11 46  0.000000 2022  3 16 14  4 30.000000             4          -85
 G25 G29 2022  3 16 10 45  0.000000 2022  3 16 15 27  0.000000            56          -14
 G31 G26 2022  3 16 12 49 30.000000 2022  3 16 16 11 30.000000            98           40
 G29 G05 2022  3 16 13 36 30.000000 2022  3 16 16 13 30.000000           -56           16
 G29 G08 2022  3 16 16 28 30.000000 2022  3 16 16 47 30.000000          -118          -53
 G26 G23 2022  3 16 15 14 30.000000 2022  3 16 18 22 30.000000          -146         -153
 G26 G10 2022  3 16 16  2 30.000000 2022  3 16 18 22 30.000000          -126         -186
 G18 G23 2022  3 16 15 14 30.000000 2022  3 16 18 23  0.000000           -28           35
 G18 G16 2022  3 16 14 14  0.000000 2022  3 16 18 23  0.000000          -243         -101
 G16 G27 2022  3 16 15 11  0.000000 2022  3 16 19 16 30.000000            81           -5
 G23 G22 2022  3 16 19 17  0.000000 2022  3 16 19 45 30.000000            13          116
 G27 G17 2022  3 16 20 57  0.000000 2022  3 16 21 21 30.000000           234          354
 G27 G03 2022  3 16 20 13 30.000000 2022  3 16 21 21 30.000000           181          266
 G01 G14 2022  3 16 19 33 30.000000 2022  3 16 22 15 30.000000            40           74
 G08 G14 2022  3 16 19 33 30.000000 2022  3 16 22 15 30.000000           102          168
 G08 G21 2022  3 16 17 33  0.000000 2022  3 16 22 20 30.000000           -25           20
 G32 G19 2022  3 16 21 46  0.000000 2022  3 16 22 54 30.000000           -38           11
 G22 G31 2022  3 16 21 54  0.000000 2022  3 16 23 36  0.000000            57           91
 G21 G03 2022  3 16 20 13 30.000000 2022  3 16 23 58 30.000000           154          164
 G19 G31 2022  3 16 21 54  0.000000 2022  3 16 23 59 30.000000           112          109
 G03 G06 2022  3 16 22 54  0.000000 2022  3 16 23 59 30.000000           -39          -11
 G04 G09 2022  3 16 22 48 30.000000 2022  3 16 23 59 30.000000            63           52
 G01 G09 2022  3 16 22 48 30.000000 2022  3 16 23 59 30.000000            -9           34
