Single-Difference Ambiguity Constraint  mizu                COMMENT
    SD                                                      TYPE OF CONSTRAINT
     7     7     7                                          G   AMB FIXING (T/W/N)
     4     4     4                                          E   AMB FIXING (T/W/N)
     1     1     1                                          C2  AMB FIXING (T/W/N)
     3     3     2                                          C3  AMB FIXING (T/W/N)
    15    15    14    LAMBDA                                IND AMB FIXING (T/W/N)
                                                            END OF HEADER
 G02 G06 2022  3 16 14 30  0.000000 2022  3 16 14 44 59.000000            36          -51
 G09 G29 2022  3 16 14 30  0.000000 2022  3 16 14 44 59.000000            18          241
 E07 E26 2022  3 16 14 30  0.000000 2022  3 16 14 44 59.000000           -46          134
 E26 E33 2022  3 16 14 30  0.000000 2022  3 16 14 44 59.000000           -34          129
 G05 G20 2022  3 16 14 30  0.000000 2022  3 16 14 44 59.000000           -12          -10
 C27 C33 2022  3 16 14 30  0.000000 2022  3 16 14 44 59.000000            54         -149
 G02 G20 2022  3 16 14 30  0.000000 2022  3 16 14 44 59.000000             6            0
 G05 G30 2022  3 16 14 30  0.000000 2022  3 16 14 44 59.000000           -70          -52
 G13 G30 2022  3 16 14 30  0.000000 2022  3 16 14 44 59.000000           -74          -31
 G06 G09 2022  3 16 14 30  0.000000 2022  3 16 14 44 59.000000           -47         -176
 E07 E19 2022  3 16 14 30  0.000000 2022  3 16 14 44 59.000000           -89          285
 C08 C13 2022  3 16 14 30  0.000000 2022  3 16 14 44 59.000000            24          -17
 C33 C41 2022  3 16 14 30  0.000000 2022  3 16 14 44 59.000000           -35          120
 E12 E33 2022  3 16 14 30  0.000000 2022  3 16 14 44 59.000000            27          -17
