Single-Difference Ambiguity Constraint  zim3                COMMENT
    SD                                                      TYPE OF CONSTRAINT
   331   317   317                                          G   AMB FIXING (T/W/N)
   139   139   139                                          E   AMB FIXING (T/W/N)
    76    76    76    ROUNDING                              IND AMB FIXING (T/W/N)
                                                            END OF HEADER
 G17 G19 2022  3 16  0  0  0.000000 2022  3 16  1  3 30.000000            45           85
 G01 G02 2022  3 16  0 45  0.000000 2022  3 16  1  4  0.000000           -61           85
 G19 G02 2022  3 16  0 45  0.000000 2022  3 16  1 16  0.000000             6           39
 E07 E26 2022  3 16  0  0  0.000000 2022  3 16  2 20  0.000000            -9            9
 E26 E30 2022  3 16  1  2 30.000000 2022  3 16  2 20  0.000000            -9           39
 G03 G07 2022  3 16  0 58  0.000000 2022  3 16  2 35  0.000000            59          103
 G04 G06 2022  3 16  0  0  0.000000 2022  3 16  3 32 30.000000           121           98
 E07 E11 2022  3 16  3  8 30.000000 2022  3 16  3 35  0.000000           -24           90
 E07 E21 2022  3 16  2 56 30.000000 2022  3 16  3 35  0.000000           -17           39
 E33 E04 2022  3 16  3  9  0.000000 2022  3 16  3 49  0.000000            -1            1
 E33 E27 2022  3 16  1 43 30.000000 2022  3 16  3 49  0.000000            11            2
 G06 G05 2022  3 16  2 46 30.000000 2022  3 16  4  0  0.000000           -57          -15
 G02 G13 2022  3 16  3 39  0.000000 2022  3 16  4 32  0.000000          -122         -160
 E12 E19 2022  3 16  0 46  0.000000 2022  3 16  4 40 30.000000            11          -30
 G09 G20 2022  3 16  1 51 30.000000 2022  3 16  5  8  0.000000          -178         -119
 G09 G07 2022  3 16  0 58  0.000000 2022  3 16  5  8  0.000000          -110          -74
 G07 G05 2022  3 16  2 46 30.000000 2022  3 16  6 24 30.000000            32           48
 E27 E21 2022  3 16  2 56 30.000000 2022  3 16  6 32 30.000000            -7           -9
 G20 G13 2022  3 16  3 39  0.000000 2022  3 16  6 47  0.000000            33           19
 G30 G05 2022  3 16  2 46 30.000000 2022  3 16  7 39 30.000000            44           92
 G30 G24 2022  3 16  6 29  0.000000 2022  3 16  7 39 30.000000            30           36
 G05 G14 2022  3 16  3 59  0.000000 2022  3 16  7 48  0.000000           -57          -56
 E19 E04 2022  3 16  3  9  0.000000 2022  3 16  8 24  0.000000            -6            9
 E21 E01 2022  3 16  4 24 30.000000 2022  3 16  9  3  0.000000            -9            4
 G15 G23 2022  3 16  6 20 30.000000 2022  3 16  9 32  0.000000           -69          -35
 G23 G17 2022  3 16  6 36  0.000000 2022  3 16  9 32  0.000000            72          -23
 G19 G10 2022  3 16  7 44  0.000000 2022  3 16 10  9 30.000000            18           32
 G10 G12 2022  3 16  7 53 30.000000 2022  3 16 10  9 30.000000             4           13
 G15 G24 2022  3 16  6 29  0.000000 2022  3 16 10 17  0.000000            20          -14
 G17 G02 2022  3 16 10 12 30.000000 2022  3 16 10 26  0.000000            12          -69
 G19 G25 2022  3 16  9 29 30.000000 2022  3 16 11 19 30.000000            -6          -39
 G12 G02 2022  3 16 10 12 30.000000 2022  3 16 11 45 30.000000             4          -85
 E01 E31 2022  3 16  6 32 30.000000 2022  3 16 11 49  0.000000           -22          -34
 G32 G06 2022  3 16  9 46  0.000000 2022  3 16 12 10  0.000000           -35         -146
 G06 G22 2022  3 16 10 23 30.000000 2022  3 16 12 10  0.000000           -58           47
 E05 E26 2022  3 16  9 11 30.000000 2022  3 16 12 25 30.000000            23          -61
 E24 E26 2022  3 16  9 11 30.000000 2022  3 16 12 25 30.000000            21          -42
 G32 G29 2022  3 16 10 45  0.000000 2022  3 16 12 50 30.000000           -27         -152
 E05 E25 2022  3 16 11 44  0.000000 2022  3 16 13  2 30.000000            12          -50
 G22 G18 2022  3 16 13  0  0.000000 2022  3 16 13 34  0.000000            58          -82
 E03 E25 2022  3 16 11 44  0.000000 2022  3 16 14  0  0.000000            -1          -24
 G12 G02 2022  3 16 11 46  0.000000 2022  3 16 14  4 30.000000             4          -85
 E31 E33 2022  3 16  9 51 30.000000 2022  3 16 14 44 30.000000            57          -60
 E33 E12 2022  3 16 11 15 30.000000 2022  3 16 14 44 30.000000             6          -24
 G25 G29 2022  3 16 10 45  0.000000 2022  3 16 15 27  0.000000            56          -14
 G31 G18 2022  3 16 13  0  0.000000 2022  3 16 16 11 30.000000           -20         -148
 G05 G23 2022  3 16 15 14 30.000000 2022  3 16 16 13  0.000000            20          -10
 G18 G05 2022  3 16 13 36 30.000000 2022  3 16 16 13  0.000000           -48           45
 E24 E12 2022  3 16 11 15 30.000000 2022  3 16 16 50 30.000000            23          -72
 G26 G10 2022  3 16 16  2 30.000000 2022  3 16 18 22 30.000000          -126         -186
 G26 G27 2022  3 16 15 11  0.000000 2022  3 16 18 22 30.000000          -280         -294
 G18 G10 2022  3 16 16  2 30.000000 2022  3 16 18 23  0.000000            -8            2
 E25 E36 2022  3 16 14 42  0.000000 2022  3 16 18 51  0.000000            13          -29
 E25 E02 2022  3 16 14 20 30.000000 2022  3 16 18 51  0.000000            -2           22
 G16 G27 2022  3 16 15 11  0.000000 2022  3 16 19 16 30.000000            81           -5
 G16 G32 2022  3 16 18 37 30.000000 2022  3 16 19 16 30.000000           211          223
 G23 G14 2022  3 16 19 33 30.000000 2022  3 16 19 45 30.000000            20          109
 E02 E30 2022  3 16 16 46  0.000000 2022  3 16 20 12  0.000000           -13            3
 E11 E36 2022  3 16 14 42  0.000000 2022  3 16 20 14  0.000000            11          -35
 E11 E15 2022  3 16 19 49 30.000000 2022  3 16 20 14  0.000000            -7           23
 E04 E15 2022  3 16 19 49 30.000000 2022  3 16 20 42  0.000000             0          -26
 G14 G19 2022  3 16 21 46  0.000000 2022  3 16 22 15 30.000000           -62          -11
 G14 G17 2022  3 16 20 52 30.000000 2022  3 16 22 15 30.000000            80          104
 G08 G01 2022  3 16 19  2 30.000000 2022  3 16 22 20 30.000000            62           94
 G08 G03 2022  3 16 20 14  0.000000 2022  3 16 22 20 30.000000           129          184
 G32 G01 2022  3 16 19  2 30.000000 2022  3 16 22 54 30.000000           -16          -52
 E36 E05 2022  3 16 19  9  0.000000 2022  3 16 22 58  0.000000           -22           68
 G22 G03 2022  3 16 20 14  0.000000 2022  3 16 23 36  0.000000            34            9
 G21 G31 2022  3 16 21 54  0.000000 2022  3 16 23 58 30.000000           177          246
 G09 G06 2022  3 16 22 54  0.000000 2022  3 16 23 59 30.000000            37           45
 E03 E13 2022  3 16 22 38 30.000000 2022  3 16 23 59 30.000000            94          103
 G17 G09 2022  3 16 22 48 30.000000 2022  3 16 23 59 30.000000          -129         -144
 E03 E08 2022  3 16 23  9 30.000000 2022  3 16 23 59 30.000000            65           61
 G19 G04 2022  3 16 21 50  0.000000 2022  3 16 23 59 30.000000           -50          -81
 E15 E08 2022  3 16 23  9 30.000000 2022  3 16 23 59 30.000000           -46           12
 G03 G31 2022  3 16 21 54  0.000000 2022  3 16 23 59 30.000000            23           82
