Single-Difference Ambiguity Constraint  mizu                COMMENT
    SD                                                      TYPE OF CONSTRAINT
     8     8     8                                          G   AMB FIXING (T/W/N)
     4     4     4                                          E   AMB FIXING (T/W/N)
     2     2     2                                          C2  AMB FIXING (T/W/N)
     6     6     6                                          C3  AMB FIXING (T/W/N)
    20    20    20    LAMBDA                                IND AMB FIXING (T/W/N)
                                                            END OF HEADER
 G06 G30 2022  3 16 14 30  0.000000 2022  3 16 14 44 59.000000           -88            9
 C28 C33 2022  3 16 14 30  0.000000 2022  3 16 14 44 59.000000            61         -182
 G29 G30 2022  3 16 14 30  0.000000 2022  3 16 14 44 59.000000           -59          -56
 C38 C39 2022  3 16 14 33 29.000000 2022  3 16 14 44 59.000000          -493          -46
 G05 G29 2022  3 16 14 30  0.000000 2022  3 16 14 44 59.000000           -11            4
 G06 G07 2022  3 16 14 30  0.000000 2022  3 16 14 44 59.000000           -18           81
 C32 C33 2022  3 16 14 30  0.000000 2022  3 16 14 44 59.000000            55         -219
 G02 G13 2022  3 16 14 30  0.000000 2022  3 16 14 44 59.000000            22          -11
 G07 G20 2022  3 16 14 30  0.000000 2022  3 16 14 44 59.000000           -12          -30
 C13 C14 2022  3 16 14 30  0.000000 2022  3 16 14 44 59.000000            49          287
 E19 E33 2022  3 16 14 30  0.000000 2022  3 16 14 44 59.000000             9          -22
 E12 E26 2022  3 16 14 30  0.000000 2022  3 16 14 44 59.000000            61         -146
 G05 G09 2022  3 16 14 30  0.000000 2022  3 16 14 44 59.000000           -29         -237
 C08 C13 2022  3 16 14 30  0.000000 2022  3 16 14 44 59.000000            24          -17
 C28 C39 2022  3 16 14 33 29.000000 2022  3 16 14 44 59.000000            12           -4
 C38 C41 2022  3 16 14 30  0.000000 2022  3 16 14 44 59.000000          -479         -104
 E07 E26 2022  3 16 14 30  0.000000 2022  3 16 14 44 59.000000           -46          134
 G13 G20 2022  3 16 14 30  0.000000 2022  3 16 14 44 59.000000           -16           11
 E12 E19 2022  3 16 14 30  0.000000 2022  3 16 14 44 59.000000            18            5
 C27 C41 2022  3 16 14 30  0.000000 2022  3 16 14 44 59.000000            19          -29
