Single-Difference Ambiguity Constraint  sio5                COMMENT
    SD                                                      TYPE OF CONSTRAINT
   429   380   364                                          G   AMB FIXING (T/W/N)
    62    62    61    ROUNDING                              IND AMB FIXING (T/W/N)
                                                            END OF HEADER
 G07 G22 2024 11 23  0  0  0.000000 2024 11 23  0 58  0.000000             8          -86
 G02 G30 2024 11 23  0  0  0.000000 2024 11 23  1 47  0.000000            37           27
 G17 G30 2024 11 23  0  0  0.000000 2024 11 23  2 32  0.000000             1           26
 G15 G24 2024 11 23  1  7 30.000000 2024 11 23  2 44  0.000000           -24           55
 G13 G15 2024 11 23  0  0  0.000000 2024 11 23  2 44  0.000000            32          -11
 G14 G17 2024 11 23  0  0  0.000000 2024 11 23  3 55  0.000000            17          -18
 G14 G19 2024 11 23  0  0  0.000000 2024 11 23  3 55  0.000000             0           -4
 G22 G06 2024 11 23  1  2 30.000000 2024 11 23  4 40 30.000000            16           58
 G19 G22 2024 11 23  0  0  0.000000 2024 11 23  4 40 30.000000            -1          -21
 G24 G20 2024 11 23  3 31  0.000000 2024 11 23  4 50  0.000000           -11          128
 G11 G20 2024 11 23  3 31  0.000000 2024 11 23  4 50  0.000000            -9           49
 G24 G25 2024 11 23  4  3 30.000000 2024 11 23  4 50  0.000000           -15          145
 G24 G25 2024 11 23  4 51  0.000000 2024 11 23  6  2  0.000000           -15          145
 G12 G25 2024 11 23  4 51  0.000000 2024 11 23  6  8  0.000000           -30          122
 G12 G29 2024 11 23  4 51  0.000000 2024 11 23  6  8  0.000000           -21          137
 G29 G05 2024 11 23  4 51 30.000000 2024 11 23  6  8  0.000000            -5           10
 G06 G20 2024 11 23  4 51  0.000000 2024 11 23  6 12 30.000000           -34          125
 G06 G11 2024 11 23  2  6  0.000000 2024 11 23  6 12 30.000000           -25           76
 G11 G25 2024 11 23  6  9  0.000000 2024 11 23  8  2 30.000000           -13           66
 G12 G05 2024 11 23  6  9  0.000000 2024 11 23  8 17 30.000000           -26          147
 G05 G29 2024 11 23  6  9  0.000000 2024 11 23  9 54 30.000000             5          -10
 G15 G13 2024 11 23  7 27  0.000000 2024 11 23 10 38 30.000000             5            3
 G29 G13 2024 11 23  7 27  0.000000 2024 11 23 10 38 30.000000             5           14
 G18 G26 2024 11 23  7 29  0.000000 2024 11 23 10 54 30.000000             2           -8
 G15 G26 2024 11 23  7 29  0.000000 2024 11 23 10 54 30.000000             0           -5
 G16 G10 2024 11 23  8 57  0.000000 2024 11 23 11 38  0.000000            14          -13
 G15 G08 2024 11 23 11  8 30.000000 2024 11 23 11 51 30.000000            -3          -13
 G27 G24 2024 11 23 10 38  0.000000 2024 11 23 13 26  0.000000            29            9
 G18 G24 2024 11 23 10 38  0.000000 2024 11 23 13 26  0.000000             2          -23
 G23 G32 2024 11 23 10 35  0.000000 2024 11 23 14 26 30.000000             2          -11
 G23 G27 2024 11 23  9 51  0.000000 2024 11 23 14 26 30.000000           -23          -27
 G32 G26 2024 11 23 15 17  0.000000 2024 11 23 16 16  0.000000            21         -129
 G31 G03 2024 11 23 14 46 30.000000 2024 11 23 16 16  0.000000            12          -12
 G03 G04 2024 11 23 15 18 30.000000 2024 11 23 16 16  0.000000            -7          -32
 G10 G32 2024 11 23 10 35  0.000000 2024 11 23 16 20  0.000000            -4           -3
 G10 G28 2024 11 23 12 41 30.000000 2024 11 23 16 20  0.000000           -10           21
 G21 G28 2024 11 23 12 41 30.000000 2024 11 23 16 22 30.000000           -11           -1
 G21 G03 2024 11 23 16 16 30.000000 2024 11 23 17 42 30.000000             2          -17
 G04 G28 2024 11 23 16 23  0.000000 2024 11 23 17 59  0.000000            -6           48
 G28 G16 2024 11 23 17 11  0.000000 2024 11 23 17 59  0.000000           -17         -206
 G04 G09 2024 11 23 16 49 30.000000 2024 11 23 18  5  0.000000            22          -69
 G02 G31 2024 11 23 13 47  0.000000 2024 11 23 18  6  0.000000             0          -22
 G02 G03 2024 11 23 16 16 30.000000 2024 11 23 18  6  0.000000            12          -34
 G07 G09 2024 11 23 18  5 30.000000 2024 11 23 18 58  0.000000            27           45
 G04 G07 2024 11 23 18  5 30.000000 2024 11 23 18 58  0.000000            -5         -114
 G31 G26 2024 11 23 16 16 30.000000 2024 11 23 19 17 30.000000            26         -149
 G03 G07 2024 11 23 18 58 30.000000 2024 11 23 19 42  0.000000           -12         -146
 G26 G16 2024 11 23 17 11  0.000000 2024 11 23 19 42  0.000000           -44          -53
 G04 G03 2024 11 23 19 42 30.000000 2024 11 23 20 27  0.000000             7           32
 G16 G04 2024 11 23 18 58 30.000000 2024 11 23 21  2 30.000000            23          158
 G07 G27 2024 11 23 18 58 30.000000 2024 11 23 22 18  0.000000            18          -91
 G07 G09 2024 11 23 18 58 30.000000 2024 11 23 23 27  0.000000            27           45
 G09 G08 2024 11 23 19 24 30.000000 2024 11 23 23 27  0.000000             3         -139
 G08 G17 2024 11 23 22 14 30.000000 2024 11 23 23 36 30.000000            -2           13
 G14 G22 2024 11 23 21 21  0.000000 2024 11 23 23 59 30.000000             1          -28
 G13 G02 2024 11 23 22 30  0.000000 2024 11 23 23 59 30.000000            14          -15
 G22 G21 2024 11 23 23  5  0.000000 2024 11 23 23 59 30.000000           -42           24
 G02 G21 2024 11 23 23  5  0.000000 2024 11 23 23 59 30.000000           -37           15
 G30 G17 2024 11 23 22 14 30.000000 2024 11 23 23 59 30.000000             0          -37
 G13 G19 2024 11 23 23 14  0.000000 2024 11 23 23 59 30.000000            23           -8
 G30 G14 2024 11 23 20 29 30.000000 2024 11 23 23 59 30.000000            -7            4
