Single-Difference Ambiguity Constraint  alab                COMMENT
    SD                                                      TYPE OF CONSTRAINT
   244   241   238                                          G   AMB FIXING (T/W/N)
    45    45    45    ROUNDING                              IND AMB FIXING (T/W/N)
                                                            END OF HEADER
 G07 G13 2024 11 23  0  0  0.000000 2024 11 23  0 57  0.000000      -2135978    -10689782
 G07 G19 2024 11 23  0  0  0.000000 2024 11 23  0 57  0.000000       1936731       118868
 G14 G15 2024 11 23  0 11  0.000000 2024 11 23  1 26 30.000000       -379520     -3518125
 G17 G30 2024 11 23  0  0  0.000000 2024 11 23  2 28  0.000000      -5128423     -4318767
 G22 G30 2024 11 23  0  0  0.000000 2024 11 23  2 28  0.000000      -7596169     -4892114
 G14 G22 2024 11 23  0  0  0.000000 2024 11 23  2 35 30.000000       2940877      1482486
 G13 G17 2024 11 23  0  0  0.000000 2024 11 23  2 37 30.000000        360606      6535084
 G19 G06 2024 11 23  0 49 30.000000 2024 11 23  4 47 30.000000      -2034131     -1552628
 G06 G24 2024 11 23  1 44  0.000000 2024 11 23  5 28 30.000000      -2318315     -8448451
 G24 G29 2024 11 23  5 12  0.000000 2024 11 23  5 38 30.000000       -170436      3481124
 G11 G12 2024 11 23  2 23  0.000000 2024 11 23  7 17 30.000000      -2212328     -4220162
 G11 G20 2024 11 23  3 48  0.000000 2024 11 23  7 17 30.000000        192060     -2719758
 G20 G18 2024 11 23  6  8 30.000000 2024 11 23  7 48 30.000000       -475917      2149508
 G12 G25 2024 11 23  4 38 30.000000 2024 11 23  8 20 30.000000      -2403978     -7058511
 G05 G10 2024 11 23  8 57  0.000000 2024 11 23  9 12 30.000000      -2083145     -2523800
 G05 G18 2024 11 23  6  8 30.000000 2024 11 23  9 12 30.000000        500947     -1293968
 G25 G29 2024 11 23  5 12  0.000000 2024 11 23  9 28  0.000000       1943281      5213099
 G23 G26 2024 11 23  8 10  0.000000 2024 11 23  9 29 30.000000      -1405984     -4525439
 G15 G26 2024 11 23  8 10  0.000000 2024 11 23  9 29 30.000000      -1510111     -5370481
 G29 G16 2024 11 23  9 39 30.000000 2024 11 23 10 29 30.000000       1533291      -827375
 G15 G32 2024 11 23 10 19 30.000000 2024 11 23 11 13  0.000000        750817      3998200
 G15 G27 2024 11 23 10 28  0.000000 2024 11 23 11 13  0.000000      -2132259     -7729580
 G18 G08 2024 11 23 11 47  0.000000 2024 11 23 13  1  0.000000      -2424774     -7474736
 G23 G10 2024 11 23  8 57  0.000000 2024 11 23 13 10 30.000000      -1902961      1076549
 G32 G26 2024 11 23 15 22 30.000000 2024 11 23 16  3  0.000000      -1378486     -5379367
 G21 G02 2024 11 23 13 55  0.000000 2024 11 23 16 53  0.000000       -149714      1144488
 G21 G26 2024 11 23 15 22 30.000000 2024 11 23 16 53  0.000000        130772      4208801
 G28 G04 2024 11 23 16 15  0.000000 2024 11 23 16 56  0.000000      -7474793    -12788603
 G28 G02 2024 11 23 13 55  0.000000 2024 11 23 16 56  0.000000      -4576495     -8738867
 G31 G04 2024 11 23 16 15  0.000000 2024 11 23 16 57 30.000000      -4465051    -12280719
 G31 G03 2024 11 23 15 21 30.000000 2024 11 23 16 57 30.000000      -2477519    -10345062
 G02 G26 2024 11 23 16 58 30.000000 2024 11 23 17 23  0.000000      11490217      9338012
 G31 G16 2024 11 23 16 58 30.000000 2024 11 23 18 27 30.000000        610754     -3340025
 G31 G26 2024 11 23 16 58 30.000000 2024 11 23 18 27 30.000000      -1278002     -5166670
 G03 G16 2024 11 23 16 58 30.000000 2024 11 23 20 17 30.000000       3078921      7005037
 G03 G27 2024 11 23 20 15 30.000000 2024 11 23 20 37 30.000000      -1527140     -3304161
 G03 G08 2024 11 23 19 38 30.000000 2024 11 23 20 37 30.000000       -174010       974207
 G04 G30 2024 11 23 20 12 30.000000 2024 11 23 22  7 30.000000       3250565      7508035
 G04 G09 2024 11 23 17 35  0.000000 2024 11 23 22  7 30.000000       5982107      9473252
 G08 G30 2024 11 23 20 12 30.000000 2024 11 23 22 52  0.000000      -4742973      -389490
 G09 G07 2024 11 23 17 40 30.000000 2024 11 23 23 13  0.000000       3039534      4548842
 G14 G22 2024 11 23 21 31  0.000000 2024 11 23 23 59 30.000000       2586331      1629988
 G30 G13 2024 11 23 22 51  0.000000 2024 11 23 23 59 30.000000       5316531     -2872262
 G07 G14 2024 11 23 20 38 30.000000 2024 11 23 23 59 30.000000       -665402     -4239641
 G22 G17 2024 11 23 22  4  0.000000 2024 11 23 23 59 30.000000      -2028915      -459990
