Single-Difference Ambiguity Constraint  n551                COMMENT
    SD                                                      TYPE OF CONSTRAINT
     8     8     8                                          G   AMB FIXING (T/W/N)
     8     8     8    LAMBDA                                IND AMB FIXING (T/W/N)
                                                            END OF HEADER
 G07 G15 2024 11 23  0  0  0.000000 2024 11 23  1  0  0.000000            23          -48
 G13 G22 2024 11 23  0  0  0.000000 2024 11 23  1  0  0.000000            47           23
 G02 G07 2024 11 23  0  0  0.000000 2024 11 23  1  0  0.000000           -54           46
 G17 G19 2024 11 23  0  0  0.000000 2024 11 23  1  0  0.000000           -56            9
 G19 G30 2024 11 23  0  0  0.000000 2024 11 23  1  0  0.000000            47           48
 G14 G15 2024 11 23  0  0  0.000000 2024 11 23  1  0  0.000000           -33           21
 G17 G22 2024 11 23  0  0  0.000000 2024 11 23  1  0  0.000000            26           58
 G14 G30 2024 11 23  0  0  0.000000 2024 11 23  1  0  0.000000            14           30
