Single-Difference Ambiguity Constraint  mlab                COMMENT
    SD                                                      TYPE OF CONSTRAINT
   340   339   323                                          G   AMB FIXING (T/W/N)
   191   189   183                                          E   AMB FIXING (T/W/N)
    86    86    86    ROUNDING                              IND AMB FIXING (T/W/N)
                                                            END OF HEADER
 G02 G07 2024 11 23  0  0  0.000000 2024 11 23  1  0 30.000000            -6           79
 G07 G30 2024 11 23  0  0  0.000000 2024 11 23  1  0 30.000000            29          -78
 E06 E24 2024 11 23  0  0  0.000000 2024 11 23  1  3 30.000000            34         -116
 E06 E25 2024 11 23  0  0  0.000000 2024 11 23  1  3 30.000000            31         -197
 E31 E33 2024 11 23  0  0  0.000000 2024 11 23  1 29 30.000000            20          -60
 E09 E24 2024 11 23  0  0  0.000000 2024 11 23  1 52  0.000000            27          -98
 E09 E10 2024 11 23  0 23 30.000000 2024 11 23  1 52  0.000000            12          -44
 E31 E12 2024 11 23  0  3  0.000000 2024 11 23  2  4  0.000000             5          -38
 G17 G30 2024 11 23  0  0  0.000000 2024 11 23  2 22 30.000000            -8           82
 G19 G15 2024 11 23  0  2 30.000000 2024 11 23  2 39 30.000000           -13           95
 G15 G06 2024 11 23  0 43  0.000000 2024 11 23  2 39 30.000000            25          -81
 E03 E36 2024 11 23  2 34  0.000000 2024 11 23  2 54 30.000000           -21           45
 E05 E03 2024 11 23  0 39  0.000000 2024 11 23  2 54 30.000000             1           52
 G13 G11 2024 11 23  1 55 30.000000 2024 11 23  2 54 30.000000           -27           18
 G13 G06 2024 11 23  0 43  0.000000 2024 11 23  2 54 30.000000            37          -57
 E05 E25 2024 11 23  0  0  0.000000 2024 11 23  3  5 30.000000            -3          -90
 G14 G17 2024 11 23  0  0  0.000000 2024 11 23  3 26 30.000000             9          -16
 G14 G22 2024 11 23  0  0  0.000000 2024 11 23  3 26 30.000000            20            3
 E12 E10 2024 11 23  0 23 30.000000 2024 11 23  4 16 30.000000            11          -18
 G19 G22 2024 11 23  0  0  0.000000 2024 11 23  4 37 30.000000            23           26
 E24 E11 2024 11 23  0 58 30.000000 2024 11 23  5 39  0.000000           -32           59
 G24 G11 2024 11 23  1 55 30.000000 2024 11 23  5 43 30.000000           -32          -35
 G24 G05 2024 11 23  4 26  0.000000 2024 11 23  5 43 30.000000           -26           88
 G11 G20 2024 11 23  3 21 30.000000 2024 11 23  7 22  0.000000             5           65
 G12 G13 2024 11 23  8  6  0.000000 2024 11 23  8 23  0.000000            -9          110
 G12 G05 2024 11 23  4 26  0.000000 2024 11 23  8 23  0.000000           -23           75
 G25 G29 2024 11 23  5 13 30.000000 2024 11 23  9 32 30.000000            -2           34
 G25 G15 2024 11 23  7  8  0.000000 2024 11 23  9 32 30.000000            -9           17
 E02 E05 2024 11 23  7 55 30.000000 2024 11 23  9 48 30.000000            44           78
 E02 E09 2024 11 23  7 58 30.000000 2024 11 23  9 48 30.000000            35           86
 E36 E09 2024 11 23  7 58 30.000000 2024 11 23  9 51 30.000000           -45           79
 G15 G13 2024 11 23  8  6  0.000000 2024 11 23 10  1  0.000000            24           22
 G10 G16 2024 11 23  9 16 30.000000 2024 11 23 10 33  0.000000           -14           36
 G23 G26 2024 11 23  8  1 30.000000 2024 11 23 10 54  0.000000             3          -18
 G26 G32 2024 11 23 10 38 30.000000 2024 11 23 10 54  0.000000            13           10
 E03 E27 2024 11 23  9  9  0.000000 2024 11 23 11  1 30.000000            -3           26
 E34 E27 2024 11 23  9  9  0.000000 2024 11 23 11  1 30.000000            22           75
 E30 E15 2024 11 23  8 22 30.000000 2024 11 23 11 23 30.000000            11           -6
 E30 E08 2024 11 23 10 55 30.000000 2024 11 23 11 23 30.000000             9            6
 G29 G18 2024 11 23  6  5 30.000000 2024 11 23 11 28  0.000000           -31          -29
 G24 G08 2024 11 23 11 43  0.000000 2024 11 23 12 31 30.000000            -4            6
 E34 E05 2024 11 23  7 55 30.000000 2024 11 23 12 44  0.000000            30           53
 G18 G23 2024 11 23  7 37 30.000000 2024 11 23 13 14 30.000000            27           22
 G27 G32 2024 11 23 10 38 30.000000 2024 11 23 14 28 30.000000            13            3
 G10 G27 2024 11 23 10 14 30.000000 2024 11 23 14 28 30.000000           -10           12
 G08 G28 2024 11 23 12 28  0.000000 2024 11 23 14 50  0.000000           -15           11
 G08 G31 2024 11 23 13 24  0.000000 2024 11 23 14 50  0.000000            -7           11
 E15 E03 2024 11 23  8 48  0.000000 2024 11 23 15 18  0.000000            -4          -13
 G10 G28 2024 11 23 12 28  0.000000 2024 11 23 16  2 30.000000           -18           26
 E15 E02 2024 11 23 15 46  0.000000 2024 11 23 16 26  0.000000            23         -112
 G21 G16 2024 11 23 16 21 30.000000 2024 11 23 16 59  0.000000            34         -192
 G31 G16 2024 11 23 16 21 30.000000 2024 11 23 16 59  0.000000            35         -180
 E08 E30 2024 11 23 15 58 30.000000 2024 11 23 16 59  0.000000            30         -164
 E13 E07 2024 11 23 12 54  0.000000 2024 11 23 16 59 30.000000            -1           -8
 G28 G26 2024 11 23 15 28  0.000000 2024 11 23 16 59 30.000000            61         -139
 E07 E26 2024 11 23 14 35 30.000000 2024 11 23 16 59 30.000000             0           24
 G02 G28 2024 11 23 17  0  0.000000 2024 11 23 17 33 30.000000           118          -17
 G16 G28 2024 11 23 17  0  0.000000 2024 11 23 17 33 30.000000           121          178
 G02 G03 2024 11 23 14 59  0.000000 2024 11 23 17 41  0.000000            28          -36
 G26 G21 2024 11 23 17  0  0.000000 2024 11 23 17 41  0.000000           -23           32
 E13 E07 2024 11 23 17  0  0.000000 2024 11 23 17 50 30.000000            68           -8
 E13 E02 2024 11 23 17  0  0.000000 2024 11 23 17 50 30.000000            43         -101
 E30 E02 2024 11 23 17  0  0.000000 2024 11 23 18 20  0.000000             5           50
 G31 G16 2024 11 23 16 59 30.000000 2024 11 23 18 47  0.000000           -17         -180
 E29 E33 2024 11 23 17  2  0.000000 2024 11 23 18 56  0.000000           -10           -5
 E30 E08 2024 11 23 17  0  0.000000 2024 11 23 18 58  0.000000           -20           83
 E26 E27 2024 11 23 17  6 30.000000 2024 11 23 19 25 30.000000            50         -233
 G03 G08 2024 11 23 19 30  0.000000 2024 11 23 20 40 30.000000            48         -199
 G03 G30 2024 11 23 19 59 30.000000 2024 11 23 20 40 30.000000            38         -125
 G14 G20 2024 11 23 20 44  0.000000 2024 11 23 21  9 30.000000           -23           50
 G14 G20 2024 11 23 21 10  0.000000 2024 11 23 21 34  0.000000           -35           50
 G07 G27 2024 11 23 19 32  0.000000 2024 11 23 21 51 30.000000            -3          -53
 G09 G27 2024 11 23 19 32  0.000000 2024 11 23 21 51 30.000000            -6          -59
 G04 G07 2024 11 23 17 47  0.000000 2024 11 23 22 21 30.000000            14          -81
 G04 G30 2024 11 23 19 59 30.000000 2024 11 23 22 21 30.000000            18          -92
 G09 G13 2024 11 23 22 31  0.000000 2024 11 23 23 28 30.000000           -11          -15
 E29 E27 2024 11 23 17  6 30.000000 2024 11 23 23 45  0.000000             5         -134
 E29 E13 2024 11 23 23 43  0.000000 2024 11 23 23 59 30.000000            -1          -61
 E21 E04 2024 11 23 22 49 30.000000 2024 11 23 23 59 30.000000             8           32
 E29 E04 2024 11 23 22 49 30.000000 2024 11 23 23 59 30.000000            20          -53
 G02 G19 2024 11 23 23 17  0.000000 2024 11 23 23 59 30.000000            37          -92
 G22 G17 2024 11 23 22  9  0.000000 2024 11 23 23 59 30.000000           -10          -41
 G14 G17 2024 11 23 22  9  0.000000 2024 11 23 23 59 30.000000            -9          -40
 G30 G19 2024 11 23 23 17  0.000000 2024 11 23 23 59 30.000000            10          -82
 E21 E19 2024 11 23 20  0 30.000000 2024 11 23 23 59 30.000000           -24           37
 G22 G13 2024 11 23 22 31  0.000000 2024 11 23 23 59 30.000000           -31           65
