Single-Difference Ambiguity Constraint  barn                COMMENT
    SD                                                      TYPE OF CONSTRAINT
    15    14    13                                          G   AMB FIXING (T/W/N)
     9     9     7                                          C3  AMB FIXING (T/W/N)
    24    23    20    LAMBDA                                IND AMB FIXING (T/W/N)
                                                            END OF HEADER
 G16 G26 2024 11 23 18 30  0.000000 2024 11 23 19 36  0.000000            -1          -30
 C26 C33 2024 11 23 18 30  0.000000 2024 11 23 19 40  0.000000            32         -136
 C24 C26 2024 11 23 18 30  0.000000 2024 11 23 19 40  0.000000             8          -35
 G03 G09 2024 11 23 18 30  0.000000 2024 11 23 20 25  0.000000            11          -52
 G03 G04 2024 11 23 18 30  0.000000 2024 11 23 20 25  0.000000            -4           -1
 G16 G08 2024 11 23 20 11  0.000000 2024 11 23 20 50  0.000000            11          -80
 G30 G20 2024 11 23 20 28 30.000000 2024 11 23 21 25  0.000000             8           10
 G27 G08 2024 11 23 20 11  0.000000 2024 11 23 21 40  0.000000            -2            8
 G30 G20 2024 11 23 21 25 30.000000 2024 11 23 21 56  0.000000             8           10
 C33 C43 2024 11 23 22 20  0.000000 2024 11 23 22 32 30.000000           -23            0
 G09 G30 2024 11 23 19 43  0.000000 2024 11 23 23 12  0.000000             6          -75
 G07 G08 2024 11 23 20 11  0.000000 2024 11 23 23 19 30.000000             6          -57
 C32 C43 2024 11 23 22 20  0.000000 2024 11 23 23 49  0.000000           -14          -32
 C25 C41 2024 11 23 19 12  0.000000 2024 11 23 23 56  0.000000            11          -47
 G30 G13 2024 11 23 22 21  0.000000 2024 11 23 23 59 30.000000            25           21
 G07 G22 2024 11 23 21 24 30.000000 2024 11 23 23 59 30.000000            35         -123
 G30 G02 2024 11 23 23 28 30.000000 2024 11 23 23 59 30.000000           -23           63
 G07 G14 2024 11 23 20 35  0.000000 2024 11 23 23 59 30.000000            38         -105
 C25 C23 2024 11 23 21 25 30.000000 2024 11 23 23 59 30.000000           -23          112
 C23 C34 2024 11 23 22 51 30.000000 2024 11 23 23 59 30.000000            14          -46
