+RMS OF RESIDUALS---PHASE(MM)
NAME SUMM G02 G06 G07 G13 G14 G15 G17 G19 G21 G22 G24 G30
n551   12  11  13  16   6   7  12   7  11  20  15   0   7
NAME SUMM G02 G06 G07 G13 G14 G15 G17 G19 G21 G22 G24 G30
-RMS OF RESIDUALS---PHASE(MM)
+TIME SERIES OF RESIDUALS---PHASE(MM)
  n551 G02 G06 G07 G13 G14 G15 G17 G19 G21 G22 G24 G30
     1   4       3  -3  12  -6 -15  17  25 -23       1
     2  10     -12  -2  15   5 -15  23  26 -26       2
     3  11     -12  -1  16   7 -10   8  25 -23       5
     4   7     -12  -3  11   8  -8  20   3 -21       4
     5   6     -16  -2  10  11   3  13  -4 -21       7
     6   4     -18   0   8  19   1  14 -15 -16       7
     7   3       2   2   7  12  -8   6 -22 -15       5
     8   5      -6   5  10   8  -6  11 -23 -14       1
     9   7      -2   8   5   3 -13  13 -11 -17       3
    10   9      -7   9   5   8  -5   6  -9 -18       2
    11  12     -10   7   8  12 -10   6   2 -14       1
    12  11     -15   8   4  14  -6   6   7 -10      -1
    13   9     -26   7   6   1   6   0  15  -4       1
    14   8     -12   2   4   7   2  -6  20  -2       0
    15  13      -7   3   5  -5  -8  -8  26   1       1
    16   9     -13   2   4  -8   3 -14  31   2       5
    17  12     -13   4   7   0   2 -28  37   7       4
    18  15     -11   1   7   0  -6 -27  27  14       7
    19  13      -8  -1  10  -5   3 -28  19  14       0
    20   5     -10  -4   8 -14  12 -30  25  19       2
    21   0     -12  -8   6   6   9 -28  13  21       6
    22  -6     -14  -7   8  -4   5 -24   9  24      11
    23  -4      -6 -11   1  -8  12 -18   4  22       6
    24  -8     -10  -4   4 -14  13 -20   0  21       6
    25  -3     -30   0   5  -9   9 -21  -2  27      16
    26  -6     -16   0   2  -8  -4 -12   4  29       8
    27  -3     -22  -3   4 -23   4  -9   4  30       7
    28  -1     -18  -3   1 -21  -3  -5   1  29       9
    29  -3      -5  -3  -1 -24   1  -9  10  28       0
    30   1      -7  -1  -3 -30  10 -15   4  27       3
    31   6     -14  -3  -4 -20   4 -16   1  29       9
    32   4     -18   1  -1 -21   2 -12   4  23      11
    33   4      -4  -2  -6 -16   1 -13  -1  22       8
    34   1      -6  -3  -5 -18   2  -5  -9  19       8
    35  -4      10  -7  -1 -18  -2 -11 -14  16       9
    36  -6      -5  -6  -3 -14  -3   8 -14  16       6
    37  -9      14 -12  -8  -9  -9  11 -18  13       4
    38 -10      -7  -5  -4  -3  -6  12 -17  13       7
    39 -13       8  -5  -6  -9  -7  10 -22  12       4
    40  -9      14  -3 -10  -6  -5   5 -20  10       1
    41 -10      -2   3 -11   9  -9   9 -12   9       5
    42  -5       8   1  -9   6 -11   7 -18   5       4
    43  -9       7   1 -12  16 -10   8 -17   3       4
    44  -5      10  -2 -11  13  -5  13 -23  -4       1
    45  10      16  -4 -12  10 -11  19 -16  -9      -5
    46  13      20  -1  -9   6 -10  12 -16 -10      -8
    47  15      12   0  -3   6  -9  12 -16 -12      -7
    48  12      35  -2  -5  15 -17  11 -33 -15     -11
    49   9      13   2  -3  11 -10  10 -34 -12      -3
    50   6      24   2  -5   2 -11   8 -26 -11      -3
    51   1      21  -2  -2  13  -1   3 -30 -12      -6
    52  -1      24  -2  -4  12  -6   6 -33 -12      -1
    53  -7      17  -2   0  14  -5   6 -29 -14       1
    54  -7      37   1  -3  16  -7   2 -28 -15      -7
    55   0       5   5   2  15  -3  12 -15 -13     -13
    56  -2      18   3  -6  26  -7   8  -3 -16      -9
    57   6      36   2 -12  20   0   4   4 -20     -18
    58   8      41   4 -12  11  -5   1  18 -20     -14
    59   4      28   5  -6  11   1   3  10 -19     -15
    60   0      22   3 -10  14   8   8   1 -21     -13
    61  -6      12   7  -7  15   8  14 -14 -20     -14
    62  -8      16   7  -8   8   9  13 -10 -21     -10
    63 -10      22   7  -2  12   5   8 -16 -19     -13
    64  -7      15   3  -2  16   7   4 -15 -19      -7
    65  -8      27   5  -3  16   9  -1  -5 -21     -12
    66   2      12   5   4  24   4  -4  13 -24     -10
    67   5      12   3   5  23   3  -3   1 -24      -7
    68   9      19   1   4  15   2  -7  20 -29      -2
    69  14      11   2   6   8  -4  -1   3 -26       2
    70   9       1   2   5  -1   5   8   8 -20      -7
    71   6       7   5  -1  -1   7   2   3 -15      -4
    72  10      14   0   1  -4   5  -1  14 -10      -7
    73   9      17  -1   4   0  -1  -7  -5  -9      -2
    74   9      24  -4  11 -14  -5  -7  10  -7      -1
    75  12       1  -5   8 -11   2  -7  -6  -4       5
    76  11      26  -6   6 -11  -3  -2  11  -7      -5
    77   8       8  -8   7 -15  -2   2  30  -6       5
    78  10       5  -2   7 -18   0   1  35  -5      -2
    79  -5      12  -9   7  -7  -2   1  46  -6       4
    80   2     -11  -1   8 -16   2   3  37  -1       0
    81  -3     -12  -6   8   0  -4   1  49  -3       6
    82  -4     -17  -4  10  -5  -4   4  43   2       1
    83 -13     -12  -9   6   3   3   6  26   1       2
    84  -1      -4 -11   1   8  -5  10  32   3      -4
    85   3     -15 -15   3   7  -1   9   9   2       3
    86   3     -13 -15  -3   9  -5  11   8   5       6
    87   7 -20 -23 -13  -3   8   2   9   5   6       2
    88 -21 -29 -14 -10  -7  10   1  15  -1   7       9
    89 -19  -7 -11   1  -5   2   4   5 -18  11       1
    90 -29  -5  -6   5  -8   7  10   5 -19  11      -8
    91 -37   5 -20   4  -7  17   6   7 -34  11      -2
    92 -38 -26  -6   7  -7  -3  11  14 -37  12      -8
    93 -31   2   6  -1 -10  -1   6  10 -24   7       4
    94 -27   4   4  -8  -2  -3   8   8 -18   9       1
    95 -13 -22 -20 -10   0 -18  10  11 -24  14       6
    96  -8   0 -29 -13  -3  -7  11   8 -11  13       7
    97  -4 -16  12 -17   4  -6   3   5 -21   9       1
    98  -3 -24 -14  -8   4  -4   3   2 -22  13       1
    99  -2   4  -2  -2  -3  -2   3  -4   5  12      -4
   100  -4   6 -20  -1  -2   5   3  -2   3  12      -5
   101  -8 -12 -17   3  -6   2   4  -2   8  12      -2
   102  -8  -5  10   6  -8   2   1  -2  11   8      -7
   103 -12   9  -6   2 -16   3   4  -1  14   9       6
   104  -8  15 -25   3  -7   6   4  -2   1   8       1
   105 -12  21 -15   2  -7  -1  -1  -8  23   9      13
   106  -6  23 -16   3  -1   2   4  -6  -7  11      -6
   107  -1  14 -19   1  -5   2   6  -8 -17   9       1
   108  -3  14   1   6  -4  -8   8 -12  22   4       2
   109  -3   2   5   8  -5  -5   4 -13       4       5
   110  -5   4 -10  13   2  -8   3  -8       3      -3
   111  -7  20 -19  14   1  -7   1  -9       3       1
   112  -7 -19  18  13  -2 -18  -2  -4       3       5
   113   1   5 -14  11  -7 -20   5  -4       5       7
   114   5  -3 -17  11   2 -19   6  -4       6      -5
   115   7   8  -3   3   3 -13   5  -8       3       0
   116  14   0 -16   0   2 -11   0  -6       1       9
   117  16 -13  -6  -2  10  -9   2  -8       0       2
   118  15   1  12   5   7  -6   7  -7      -1     -17
   119  14  -3  25   7   1  -3  -1 -10      -3      -4
   120   9  -6  -6   9   0   6   0 -11      -3      -1
   121   8   3   7  20   0   2  -3  -7       1     -17
  n551 G02 G06 G07 G13 G14 G15 G17 G19 G21 G22 G24 G30
-TIME SERIES OF RESIDUALS---PHASE(MM)
